Train encodings:
{'input_ids': tensor([[ 101, 2043, 2106,  ..., 2434, 2887,  102],
        [ 101, 2029, 7421,  ...,    0,    0,    0],
        [ 101, 2054, 2048,  ...,    0,    0,    0],
        ...,
        [ 101, 2054, 7017,  ...,    0,    0,    0],
        [ 101, 2054, 3265,  ...,    0,    0,    0],
        [ 101, 2129, 2172,  ...,    0,    0,    0]]), 'attention_mask': tensor([[1, 1, 1,  ..., 1, 1, 1],
        [1, 1, 1,  ..., 0, 0, 0],
        [1, 1, 1,  ..., 0, 0, 0],
        ...,
        [1, 1, 1,  ..., 0, 0, 0],
        [1, 1, 1,  ..., 0, 0, 0],
        [1, 1, 1,  ..., 0, 0, 0]])}
Validation encodings:
{'input_ids': tensor([[  101,  2054,  2234,  ...,     0,     0,     0],
        [  101,  2054,  2003,  ...,     0,     0,     0],
        [  101,  2054,  2003,  ...,     0,     0,     0],
        ...,
        [  101,  7939, 13626,  ...,     0,     0,     0],
        [  101,  2043,  2106,  ...,     0,     0,     0],
        [  101,  2040,  3603,  ...,     0,     0,     0]]), 'attention_mask': tensor([[1, 1, 1,  ..., 0, 0, 0],
        [1, 1, 1,  ..., 0, 0, 0],
        [1, 1, 1,  ..., 0, 0, 0],
        ...,
        [1, 1, 1,  ..., 0, 0, 0],
        [1, 1, 1,  ..., 0, 0, 0],
        [1, 1, 1,  ..., 0, 0, 0]])}
Test encodings:
{'input_ids': tensor([[  101,  2054,  3029,  ...,  1000,  2000,   102],
        [  101,  1999,  2054,  ...,     0,     0,     0],
        [  101,  1996,  2922,  ...,     0,     0,     0],
        ...,
        [  101,  2129,  2116,  ...,     0,     0,     0],
        [  101,  2065,  1037,  ..., 12345,  1000,   102],
        [  101,  2040,  4061,  ...,     0,     0,     0]]), 'attention_mask': tensor([[1, 1, 1,  ..., 1, 1, 1],
        [1, 1, 1,  ..., 0, 0, 0],
        [1, 1, 1,  ..., 0, 0, 0],
        ...,
        [1, 1, 1,  ..., 0, 0, 0],
        [1, 1, 1,  ..., 1, 1, 1],
        [1, 1, 1,  ..., 0, 0, 0]])}